heartdisease, minpts = 26, eps = 4, n = 200
0.4400488308341529
=======
heartdisease, minpts = 26, eps = 4, n = 200
0.9618582536613018
0.3783387472594706
0.6192797244421923
0.5384187702890986
0.04210377652617958
0.5745265244764446
0.12843517993840625
0.22374732228721897
0.22573981504844984
0.18888484167743513
0.4431229103100023
0.527999415171749
0.12355172594948183
0.6581101022296725
0.05726880520331737
0.10117223437192144
0.8108268950426325
0.1982050289002868
0.40436690960813393
0.9254220812188971
0.3190669801187114
0.8296184013097618
0.8956366491572023
0.35892621648623857
0.47398509212568163
0.5994740840238233
0.4287957570600489
0.8104450474258769
0.16734384392516288
0.12686930154395282
0.21216684271350314
0.9947687030543222
0.2420796158271269
0.16650055811642894
0.6422961944018027
0.5574738876679075
0.44862976722795983
0.5569070836325444
0.7823615594403683
0.4281114112450044
0.8614871502424026
0.4282456871162359
0.6985950133397305
0.14890894168961433
0.4500177938544574
0.9190679847355527
0.5407823310294879
0.01758100356424319
0.8849546593154602
0.8640282431889185
0.6519969697346273
0.17737810382289854
0.575684088129205
0.3887082503578583
0.6082284291449827
0.03137434626278335
0.8746832118450388
0.11723384323542496
0.8296129841612372
0.01951074718721424
0.8332198088924782
0.415693826932491

0.044857779947941046
0.601372958255534
0.7708619902980085
0.6442609042425413
0.7098756841525097
0.6037388980995783
0.11203608541653987
0.16177767800617215
0.21153613849720476
0.9200654375356705
0.7643880264777143
0.6080772741708959
0.08341297399004888
0.9094456531560309
0.16042240882755832
0.24095009017553712
0.12689999566947474
0.05711854520764792
0.9807402622374617
0.16702597651531081
0.21334868882577201
0.5318911938920476
0.22695230978925607
0.5765033576584085
0.22258839023335697
0.28718449336235086
0.6698173843089896
0.4843045603157681
0.6807778013530223
0.22910311070472875
0.20214133761493058
0.1810401240951658
0.1691306810621518
0.9343140835057149
0.48088494269229853
0.7719829838948544
0.640569755963023
0.053135747559692525
0.34040310959932724
0.8433811161900548
0.9082877522555133
0.7976823137970687
0.7212905643849207
0.09426245926676913
0.7975814771629433
0.07681461271367529
0.0540380352112062
0.10369904871215274
0.06379231073112934
0.7769134055498325
0.5182309890203758
0.1511507043006568
0.25589682228474986
0.7542490077498072
0.9121681138015496
0.5684177690254013
0.38486914150885143
0.13500901443876923
0.3069995327477426
0.022045665439912154
0.6067670822413341
0.28328747193441306
0.7661706295924238
0.09940915248868436
0.25992852192272475
0.07662372054617064
0.1583691576081783
0.06453780594698633
0.17666982233504025
0.19622094351415842
0.9790476936329153
0.6484414202665533
0.06375864447782797
0.23416650176005627
0.6003573245868452
0.4515006099006799
0.39854051786277056
0.13346184253085935
0.41005654043721185
0.6038689477969934
0.8690694502439174
0.5308283769067972
0.24185634659502056
0.225193669136022
0.8590186850879524
0.33226013142225286
0.4962177567931312
0.131836691047436
0.23414826776507242
0.1433681281593051
0.14035171888799858
0.9541827950756585
0.1604906028949824
0.20985438801518375
0.23568002942440736
0.10687012118462613
0.5085782266179637
0.09191506776113023
0.12389776497345895
0.6112578048972928
0.39990122549589224
0.0804305678021108
0.4051791817928494
0.21513612573069751
0.08400426946581985
0.23189854874315943
0.6143558051380699
0.9034244043400466
0.39577721993126347
0.3920517601080233
0.8821219849918647
0.3034949740689339
0.572904374505736
0.9538332579362925
0.19545127785876862
0.6530666408171221
0.30381795844414583
0.5746678097276496
0.2569352787032031
0.005073329693686457
0.32368551449923977
0.23774784339524696
0.03752022488263007
0.23734138607709832
0.07263616984697951
0.47162999379988824
0.15116928091977067
0.16412149904448925
0.1903396126450161
0.008804669718160518
0.15809291486185284
0.45062404656549715
0.18964436284645703
0.20359136959849122
0.1447907169150211
0.24890815656074894
0.5775480322905335
0.8073752857666185
0.2582543903196919
0.8790166113135518
0.1368871577914943
0.20507986983871548
0.4302484335884542
0.23671608029795077
0.19743617394204938
0.994506987294267
0.9651615513089962
0.17302143831568695
0.900836451573618
0.2125831104599459
0.11288316356986772
0.43802701784425335
0.2538540461708958
0.2609307399738197
0.24719791789015175
0.35774746769330595
0.3844322353790437
0.08032755993711649
0.5767696249348204
0.6134637276175304
0.6476929771060285
0.5294938522571678
0.6196507961814699
0.5795147588337402
0.0274092538357118
0.6986787445913762
0.4033403743074096
0.012353227673076006
0.20911413248208183
0.05213635808112693
0.07502421821758576
0.23417022905080317
0.7755970989361866
0.6111575974042022
0.979305671857923
0.889831539467107
0.7853244431318587
0.7882243230917533
0.8171001216960146
0.8261392465708257
0.22052061414255952
0.07381873074881762
0.2704065837461247
0.04155507421927873
0.031117287669542026
0.6555630124125463
0.3115615497661227
0.24356289257017225
0.2815260957497516
0.28873034550662435
0.4537868811831687
0.11887023655380147
0.1813469036098101
0.15249077774705255
0.5701349463521274
0.4980979781943662
0.23849099313420052
0.2324054658833449
0.6107778303803002
0.24407440749376455
0.06433303543622526
0.20568334499899876
0.1939814500630766
0.5707697590464236
0.5726592755629689
0.1716173397791272
0.3986063454252857
0.6579207336506046
0.12454632246121711
0.825933337701934
0.780836101301009
0.38933152331965576
0.07318498503544224
0.42280142903303447
0.026418299422651392
0.561413488690365
0.020852116459706416
0.31832681776000826
0.7936292540054917
0.2181502412689331
0.025720125993086596
0.24565836625860182
0.16853415685325102
0.9897017656951421
0.035445016546880925
0.20535110682162228
0.1466174385586554
0.46006608778300784
0.03042939665376232
0.9622166643955049
0.9417266516637403
0.21839083713945376
0.2340965987001271
0.21400707534926341
0.23499713222416013
0.637393671773048
0.9707962005925914
=======
heartdisease, minpts = 26, eps = 4, n = 200
0.23429740693933737
0.8314226398874567
0.23764120979771605
0.917725286859478
0.8229787012804073
0.5973551272083992
0.7462301651666221
0.9774978858640626
0.96324583361418
0.7689304131293451
0.0292820118294651
0.9230583522709987
0.9642648413548676
0.8656856113664513
0.24645780172507883
0.15797370744804984
0.23955367376954623
0.42779785408031434
0.9601569296233794
0.22832633606193956
0.8887706124185493
0.19995848821746454
0.2485583791087473
0.2688133442918237
0.1979675748018701
0.9801885577753897
0.04716452847893482
0.4884851545770237
0.9508645128747182
0.6677630541160923
0.4973882276720869
0.1023891304763449
0.5581186375167534
0.2803642424529944
0.2509533727897429
0.6010822446988016
0.4835384261798976
0.41099474381504786
0.39226928013844287
0.46093725642260397
0.9237424175100737
0.8173101565909542
0.6706831973002509
0.14823710145052238
0.2377681384042054
0.17600564313271128
0.134342439429741
0.5030259510948605
0.199244787394119
0.8060025403514866
0.06247408514987307
0.21200880383289233
0.1865358960245871
0.26352097638896765
0.20729828510300363
0.020267149219149072
0.27571700627978135
0.16951096087364026
0.3272690497988342
0.5579531548357907
0.23147798887293478
0.8419576782044718
0.7922281411237415
0.6373057620267326
0.6681760046866977
0.20015998004162183
0.20435140045054004
0.8254050295901982
0.3007568013798053
0.6436827539474239
0.24945076382153222
0.1481075501792195
0.20097687799019015
0.7456975988418977
0.15572927879357112
0.8051000070131165
0.1435877748219445
0.05443973234816668
0.01809544712922717
0.11130643850312683
0.49010253068470694
0.1186251496055084
0.20444602660394118
0.5372191904062255
0.21435160667019554
0.10147008850106909
0.9745261761529136
0.12288210735664418
0.040148921220053424
0.1979793735676616
0.5729401657475126
0.1549947640321092
0.26837219369033644
0.23309770055036896
0.0651734609051784
0.2505091627202985
0.25772724862376034
0.14550520958524116
0.6078725685656041
0.486665465067571
0.48926512138702205
0.05443327048087965
0.3802283176290456
0.051610094426634445
0.15366377569024703
0.10733948733424326
0.08340091835411756
0.5819356922414407
0.2179881729134222
0.6477908013985101
0.0986168216765928
0.017078210273236305
0.18463625347966772
0.960027140570225
0.8275962358600276
0.32731710684905635
0.9240767004039734
0.5755112411322433
0.230678400590969
0.08468465602965525
=======
absence, minpts = 40, eps = 6, n = 200
=======
absence, minpts = 40, eps = 6, n = 200
=======
absence, minpts = 40, eps = 6, n = 200
0.19480461686827777
0.620568416688961
0.04894833234255005
0.8845655441193647
0.2789491934167583
0.0697362294339351
0.25588354509487166
9.486430130323242e-08
0.2769921667365416
0.3321055584785253
0.047945133978150034
0.9602686984345636
0.05797838706112968
0.6070319274346094
0.7712428343027361
0.44913109765149917
0.16784573875324393
0.16940877055931614
0.5151295567960703
0.047477343866288324
0.6973291111294109
0.4390819489851716
0.9943776671220783
0.38421309519129276
0.3860243367849612
0.8690727675476764
0.43595563917621577
0.3341401461239071
0.5874064146078608
0.10569002966971452
0.13286859561071288
0.8894537021238262
0.07100149256900323
0.18178981447454262
0.7355589196993944
0.5293694639641024
0.01367665227626702
0.5768240319761613
0.09516418058331078
0.5577304514504939
0.4957720127216687
0.0090741224994321
0.7233765712064879
0.784756211780453
0.3423679138364413
0.03319168318152865
0.36269168854540595
0.14484174224239887
0.7449375160108532
0.3203263051531362
0.5836687285334337
0.8508939566789849
0.22794576980132877
0.5159280587990653
0.8085166071869022
0.16748466390657013
0.12155668887069714
0.48918204776483054
0.8586065724219774
0.8612163349196056
0.9132196505753056
0.46599946345601984
0.05215455066681123
0.770291348853645
0.0003316192318063571
0.10275370838155862
0.05885486827556999
0.37261927117322435
0.18000558106418899
0.9846705217370537
0.46319774863143715
0.41584100844467353
0.23606832346047613
0.845406501932489
0.9218478768946132
0.20159529719412378
0.2744715699187268
0.7153441077757443
0.8756228546020932
0.26285619471595956
0.9728293489751938
0.42238669328197004
0.37710042628967594
0.5332341985051932
0.9458798734022297
0.28375884982993377
0.0
0.9564964775038416
0.1828340932711362
0.02339357709531309
0.3943915070861094
0.24374126515927336
0.1322253008384635
0.00991815443411248
0.7347536540792017
0.43007666303630776
0.5930462838892665
0.009299367955387883
0.9829524346907376
0.6587840358751074
0.26766866619792906
0.008099009240564958
0.3574583780122085
0.030251391387240423
0.28157941850058066
0.9959512025916393
0.8487719869851682
0.019010415284783866
0.9374045227679144
0.7369873424326632
0.7936252861479962
0.1353807153769302
0.3425287554034383
0.09485153287632775
0.9567636668863504
0.05222988685610552
0.45835366778175585
0.4989883030622836
0.7796751244007295
=======
absense, minpts = 40, eps = 2, n = 200
=======
absense, minpts = 10, eps = 1.5, n = 200
0.0
0.35659326171000094
0.22170726529281426
0.27049304214628944
0.06538154901137383
0.3799108264625511
0.3099584279067178
0.3945462850126311
7.009720562994506e-08
1.2767217228055076e-05
0.6577680832329409
0.5223417669857293
0.4764499127193331
0.6063840398474747
2.1043337374616764e-09
0.40928150071380703
1.3630490085377798e-05
0.34888927885674453
1.0736224934579949e-07
0.7710557855862262
9.89717379442763e-05
1.879248363421072e-06
0.8812359490956183
0.19193971591035686
0.1399501804437746
0.7096551907325528
1.1191247745982952e-07
0.1201322252786774
0.8894762274712631
0.2291890000428672
0.22206511262733808
0.03545607469691623
0.011915908647830431
0.21385881341262736
0.9229707058958515
0.8360117479959983
0.9328092214138282
0.6693099626938233
0.7834808272163984
2.3389268099443353e-08
0.32591526431989
0.7482518305953646
0.0
0.05773264782677053
0.0225528425560592
0.6783887019571644
3.323467198228841e-07
0.0
0.641559417782536
0.6351152507324769
0.6367307857638613
0.837627770729707
0.9525181968808218
0.8148496029386523
0.11190283798479309
0.6797812315075646
0.8698105326780387
0.32066436136912846
0.17012300024816884
0.31528412765849945
0.019316063465459887
0.319663435715648
0.6783932421854642
0.0
1.3268022544321709e-06
0.25421183458392793
0.022324443212188214
0.9702980461261164
0.932658090545861
2.1091186594688442e-08
0.3885998984812432
0.37491384378268156
0.3520530076960092
0.036467632073364786
0.5248574261125729
0.040285924293203886
0.2755381466849197
0.6231876141396309
0.5108859720701893
0.06611354517988022
0.9773889920516456
0.814896571654707
0.7141240296228185
0.12944520939048226
0.3734945867905868
0.3936954919932618
1.3769975634610108e-08
4.356564894669439e-07
0.16313651354237324
0.6072579034905186
0.14517799001753517
0.9282345289131537
0.4296642738247831
0.2718508832211153
0.0
0.8563201228637667
0.5856724488020734
0.6075516282788869
0.4189980391489628
0.046041707525528414
0.7540965889328368
0.8354072776978909
0.9892561068514832
0.1517938635079037
2.9304797445278833e-08
0.09104597507706468
0.5845634206459666
0.0
0.10641003319752063
0.6401876255399384
0.5731966767588779
0.0
0.1511804306781448
0.5784839168825529
0.5616532518159192
0.0
0.0
0.6206733691388133
0.9013398864437926
0.0
=======
absense, minpts = 10, eps = 1.5, n = 200
0.7061348553521862
0.5767232383297359
0.3444140308061745
0.8432426496926221
0.5618246843386264
0.13465491111477434
0.3613718200340364
0.10267936463673122
0.15886350415148345
0.591112749545784
0.7584793032276864
0.0
0.1637348303443773
0.0
4.4439828120563516e-05
0.7918770105524544
0.12113534553397365
0.5987260420373883
0.9154779723438822
0.8434068665835992
0.9772047382871512
0.0
0.03422600569174161
0.591020985316923
0.21229812303413298
0.32199110849898793
0.20380250018241242
0.8175434565794082
0.6741732084934247
0.46363625966904554
0.8833110321551136
0.9916105808144883
0.8251080142560567
0.7377584918202831
0.7240896155951505
0.7314308700531966
0.8867885940419413
6.817941184200952e-07
0.42893968736692867
1.511083344586889e-07
0.5584294629319967
0.5041497215491744
0.4793015989607312
0.1689024135489815
0.33418750864481717
0.4068027382636581
0.834978442982941
0.6314253405153436
1.0912441121531093e-08
0.8549376454312456
0.20496610524074044
0.7633066505881856
0.651497604275227
0.29169706115805494
0.0
0.7576332744984974
0.6597004802647664
4.7216406145840897e-07
0.4366954828286272
0.8938336030233573
0.4723820408189063
0.0
0.677319399780191
0.915909123076089
0.5925274440714826
0.024615302018954344
0.8272063838215091
0.0
0.6623052491889752
0.21757048424069292
0.06247564102951575
0.0
0.42388769519648406
0.7063467598407223
0.4628229502737593
0.9258050024643207
0.7319943935093657
0.4533940990766567
0.19027216577829556
7.641755508459125e-08
0.7468892448946239
0.20864885738649486
0.45385254615455245
0.5519559935493874
0.5975719190663638
0.5574236024796355
0.2855426872034119
0.5107153310034342
1.5048330487117825e-06
0.38074290831200425
0.0
0.6415427454277269
0.14969145914182222
0.05973564420055344
0.3039603759601026
0.2540255049019584
0.8437977341254432
0.0
1.9908769366416834e-07
0.9205834119394221
0.1861084342352659
0.7389446039425818
0.011932453787948383
3.4199711824420762e-09
0.8422287402164366
0.4509235116001058
0.7163352386247441
0.5050229732457858
0.34209704302528593
0.48566130607224783
0.16852486669926792
0.8786511145508282
0.6588027880528997
0.41430564811983817
0.5698669653610855
0.0
0.23523734230999271
0.45557006989830606
0.9850494317325365
0.3834474841464577
